4306661;26057853;3713963415;
4306661;3713963415;3713963413;
4306661;3713963413;26057854;
4306661;26057854;3713963408;
4306661;3713963408;112654450;
4306661;112654450;3713963403;
4306661;3713963403;3713963401;
4306661;3713963401;112654452;
4306661;112654452;3713963399;
4306661;3713963399;26057855;
4306661;26057855;3713963397;
4306661;3713963397;112653914;
4306661;112653914;3713963395;
4306661;3713963395;26057856;
4306661;26057856;3713963392;
4306661;3713963392;112653915;
4306661;112653915;3713963393;
4306661;3713963393;3713963394;
4306661;3713963394;26057857;
4306661;26057857;3713963396;
4306661;3713963396;112653406;
4306661;112653406;3713963398;
4306661;3713963398;26057858;
4306661;26057858;3713963400;
4306661;3713963400;26122720;
26248559;4378186376;4378186209;
26248559;4378186209;4378186138;
26248559;4378186138;2156104173;
26248559;2156104173;4378185977;
26248559;4378185977;4378185958;
26248559;4378185958;287458429;
26248559;287458429;2156098702;
26248559;2156098702;4378185663;
26248559;4378185663;2156104175;
26248559;2156104175;4378185615;
26248559;4378185615;430006697;
26248559;430006697;287458442;
26248559;287458442;287458440;
26248559;287458440;3554953684;
26248559;3554953684;4210849144;
26248559;4210849144;4210849143;
26248559;4210849143;4202779474;
26248559;4202779474;412246600;
27103792;4478069058;297369724;
27103792;297369724;4478069059;
27103792;4478069059;297369739;
27103792;297369739;4478069033;
27103792;4478069033;297369726;
27103792;297369726;432578823;
27103792;432578823;4393941395;
27103792;4393941395;297369728;
27103792;297369728;297369729;
35078500;411504977;411504979;
35078500;411504979;420777494;
35078500;420777494;411504981;
35078500;411504981;4590506320;
35078500;4590506320;411504984;
35078500;411504984;411504986;
35078500;411504986;4455723315;
35078500;4455723315;411504987;
35078500;411504987;412249442;
35078500;412249442;2084090872;
35078500;2084090872;3554953622;
35078500;3554953622;411504967;
35078501;411504995;411835470;
35078501;411835470;411504997;
35078501;411504997;445439284;
35078501;445439284;432578810;
35078501;432578810;411504999;
35078501;411504999;432578813;
35078501;432578813;445439290;
35078501;445439290;411504977;
35105021;420777494;445439255;
35105021;445439255;445439258;
35105021;445439258;445439261;
35105021;445439261;1223751575;
35145152;412249442;2072674371;
35145152;2072674371;2072674370;
35145152;2072674370;412249443;
35145152;412249443;4517268370;
35145152;4517268370;412249444;
35145152;412249444;412249445;
35145152;412249445;412249446;
35145152;412249446;412246602;
35145272;412246602;412247985;
35145272;412247985;1223751669;
35145272;1223751669;1223751757;
35145272;1223751757;412247991;
35145272;412247991;1223751671;
35145272;1223751671;1223751572;
35145272;1223751572;4573598489;
35145272;4573598489;412247996;
35145272;412247996;4573598490;
35145272;4573598490;412248000;
35145272;412248000;412248004;
35145272;412248004;412248006;
35145272;412248006;4523942708;
35145272;4523942708;412248011;
35145272;412248011;1223751610;
35145272;1223751610;412248019;
35145521;411504977;412249448;
35145521;412249448;4566797421;
35145521;4566797421;4718388481;
35145521;4718388481;412249449;
35145521;412249449;412249450;
35145521;412249450;412248019;
35145521;412248019;412249451;
35145521;412249451;420776939;
35145521;420776939;432578781;
35145521;432578781;4523960189;
35145521;4523960189;420776943;
36979228;3554953679;2156098729;
36979228;2156098729;2156098719;
36979228;2156098719;2156098755;
36979228;2156098755;2617650080;
36979228;2617650080;2156098708;
36979228;2156098708;2156098689;
36979228;2156098689;4381097464;
36979228;4381097464;2156104170;
36979228;2156104170;3554953687;
36979228;3554953687;3554953688;
36979228;3554953688;430006697;
37141967;420776943;435240914;
37141967;435240914;4523960191;
37141967;4523960191;2185792256;
37141967;2185792256;432578826;
37141967;432578826;432578827;
37141967;432578827;1223751630;
37141967;1223751630;432578828;
37141967;432578828;435240917;
37141967;435240917;784475024;
37141968;432578781;4517268078;
37141968;4517268078;1223751641;
37141968;1223751641;1223751723;
37141968;1223751723;430012030;
37141968;430012030;4517268312;
37141968;4517268312;1223751683;
37141968;1223751683;4517268075;
37141968;4517268075;430012028;
37141968;430012028;2185848579;
37141973;435240927;435240930;
37141973;435240930;432578852;
37141973;432578852;435240932;
37141973;435240932;432578853;
37141975;432578853;2066740958;
37141975;2066740958;432578859;
37141982;432578831;432578901;
37141982;432578901;432578906;
37141982;432578906;4573598508;
37141982;4573598508;4573598507;
37141982;4573598507;432578908;
37141982;432578908;4573598506;
37141982;4573598506;432578916;
37141982;432578916;4573598505;
37141982;4573598505;432578919;
37141982;432578919;432578922;
37141983;411835382;432578938;
37141983;432578938;432578945;
37141983;432578945;432578817;
37141985;445439255;445439343;
37141985;445439343;2073943322;
37141985;2073943322;432578813;
37141985;432578813;432578945;
37142500;3713816545;3713843046;
37142500;3713843046;26122715;
37142500;26122715;3713843047;
37142500;3713843047;26122717;
37142500;26122717;3713843048;
37142500;3713843048;3713843050;
37142500;3713843050;26122718;
37338732;435240914;435240906;
37338733;435240917;435240959;
37937531;445439343;445439344;
37937532;445439347;445439344;
37937532;445439344;2073943321;
37937532;2073943321;445439290;
41380172;435240906;3573222096;
41380172;3573222096;506111738;
41380172;506111738;3573222097;
41380172;3573222097;2185756687;
41380173;435240959;506111741;
41380173;506111741;4282469053;
41380173;4282469053;506111742;
62087615;432578854;432578855;
62087615;432578855;432578856;
62087615;432578856;4393940287;
62087615;4393940287;297369729;
63192525;4474021932;1223751732;
63192525;1223751732;4474021937;
63192525;4474021937;1223751677;
63192525;1223751677;1223751696;
63192525;1223751696;4474021947;
63192525;4474021947;1223751602;
63192525;1223751602;4474021949;
63192525;4474021949;4474021938;
63192525;4474021938;784475024;
63192525;784475024;4474021939;
63192525;4474021939;4474021940;
63192525;4474021940;1223751591;
63192525;1223751591;4474021948;
63192525;4474021948;1223751585;
63192525;1223751585;1223751626;
63192525;1223751626;1223751749;
106334851;4474021932;4441072622;
106334851;4441072622;1838434498;
106334851;1838434498;4441072626;
106334851;4441072626;1223751663;
106334851;1223751663;4452315954;
106334851;4452315954;2066740983;
106334851;2066740983;4474021920;
106334851;4474021920;432578829;
106334854;3799695586;4478069047;
106334854;4478069047;3799695585;
106334854;3799695585;3799695584;
106334854;3799695584;432578864;
106334854;432578864;432578863;
106334854;432578863;432578862;
106334854;432578862;4478069048;
106334854;4478069048;432578861;
106334854;432578861;4478069039;
106334854;4478069039;432578860;
106334854;432578860;401623786;
106334854;401623786;432578859;
106334854;432578859;432578854;
106334854;432578854;432578858;
106334854;432578858;4478069055;
106334857;432578798;432578842;
106334857;432578842;432578845;
106334857;432578845;432578847;
106334857;432578847;4474021925;
106334857;4474021925;432578848;
106334857;432578848;4478069058;
106334857;4478069058;4478069055;
106334866;1223751757;1223751746;
173013103;1838434498;1838434497;
173013103;1838434497;1838434495;
173013103;1838434495;1838434491;
173013103;1838434491;1838434493;
173013103;1838434493;1838434499;
173013103;1838434499;1838434494;
173013103;1838434494;1838434492;
196972617;412249443;2084090862;
196972617;2084090862;2072674362;
196972617;2072674362;2072674363;
196972618;2072674362;2072674364;
196972618;2072674364;2072674366;
196972619;2072674366;2072674367;
196972619;2072674367;2072674368;
196972619;2072674368;2072674369;
196972619;2072674369;2072674366;
197100020;2073943321;2073943322;
197100020;2073943322;2073943320;
198248591;2084090870;2084090868;
205638142;2156098713;2156098707;
205638142;2156098707;2156098749;
205638142;2156098749;2156098752;
205638142;2156098752;2156098711;
205638142;2156098711;2156098756;
205638142;2156098756;2156098746;
205638142;2156098746;2156098750;
205638142;2156098750;3573222099;
205638142;3573222099;2156098719;
205638144;2156098755;2156098710;
205638144;2156098710;2156098725;
205638144;2156098725;2156098713;
205638144;2156098713;2156098709;
205638144;2156098709;3573222118;
205638144;3573222118;2156098708;
205638147;2156098695;3573222098;
205638147;3573222098;2156098729;
208262837;2185756687;2185762067;
208262837;2185762067;2185762064;
208262837;2185762064;2185762047;
208262837;2185762047;2185762049;
208262837;2185762049;506111741;
208262837;506111741;2185762050;
208262837;2185762050;2185756687;
208263088;2185762067;2185766308;
208263088;2185766308;2185766309;
208263088;2185766309;2185766307;
208263088;2185766307;2185766310;
208263088;2185766310;2185766306;
208263088;2185766306;2185765238;
208263088;2185765238;2185765236;
208263088;2185765236;2185765234;
208263088;2185765234;2185765237;
208263088;2185765237;2185765235;
208263088;2185765235;2185762064;
208265320;4282469045;4282469046;
208265320;4282469046;4282469047;
208265320;4282469047;2185792255;
208265320;2185792255;4517268326;
208265320;4517268326;2185792256;
208272059;4517268326;4282469049;
208272059;4282469049;4517268307;
208272059;4517268307;4517268293;
220234012;26122718;3713843052;
220234012;3713843052;26122719;
238249552;412249448;2460915650;
238249552;2460915650;2460915651;
238249553;2460915655;2460915656;
238249553;2460915656;2460915657;
238249553;2460915657;412249450;
238249554;2460915651;2460915652;
238249554;2460915652;2460915653;
238249554;2460915653;2460915654;
238249554;2460915654;2460915655;
238249554;2460915655;2460915651;
238249556;2460915663;2460915671;
238249556;2460915671;2460915664;
238249556;2460915664;2460915665;
238249556;2460915665;2460915666;
238249556;2460915666;2460915667;
238249556;2460915667;2460915668;
238249556;2460915668;2460915669;
238249556;2460915669;2460915670;
238249557;2460915671;2460915672;
316459169;420776943;3554953676;
316459169;3554953676;430006694;
316459169;430006694;3554953681;
316459169;3554953681;4149583051;
316459169;4149583051;3573222107;
316459169;3573222107;420776945;
316459169;420776945;420807840;
349643887;3554953676;3554953677;
349643887;3554953677;3554953679;
349643889;3554953681;3554953680;
349643889;3554953680;3554953679;
349643961;412249445;3554953662;
349643961;3554953662;3554953664;
349643961;3554953664;4517268371;
349643961;4517268371;3554953658;
349643961;3554953658;3554953660;
349643964;444011318;3554953652;
349643964;3554953652;3554953655;
349643964;3554953655;3554953659;
349643964;3554953659;2084090865;
349643964;2084090865;3554953665;
349643964;3554953665;3554953666;
351525693;3573222212;3573222201;
351525693;3573222201;3573222198;
351525693;3573222198;3573222157;
351525693;3573222157;3573222138;
351525693;3573222138;3573222133;
351525693;3573222133;3573222132;
351525693;3573222132;3573222130;
351525693;3573222130;3573222128;
351525693;3573222128;3573222109;
351525693;3573222109;3573222108;
351525693;3573222108;3573222104;
351525729;3573222108;3573222127;
351525729;3573222127;3573222128;
351525773;3573222107;3573222110;
351525773;3573222110;3573222114;
351525773;3573222114;3573222116;
351525773;3573222116;3573222124;
351525773;3573222124;3573222125;
351525773;3573222125;3573222126;
367461722;26122713;3713816544;
367461722;3713816544;3713816545;
367461723;3713816546;26122714;
367464148;3713843054;26122787;
367477465;26122787;3713843053;
367477465;3713843053;26122788;
367477467;26122786;3713963391;
367477467;3713963391;3713843054;
367477469;26122784;26122785;
367477469;26122785;3713963402;
367477469;3713963402;26122786;
367477470;26122719;3713963389;
367477470;3713963389;3713963390;
367477470;3713963390;26122720;
367477475;26122788;3713843051;
367477475;3713843051;3713843049;
367477475;3713843049;26122789;
367477475;26122789;3713816548;
367477475;3713816548;26122716;
367477475;26122716;3713816547;
367477475;3713816547;3713816546;
367477476;26122720;3713963416;
367477476;3713963416;26122721;
367477476;26122721;3713963927;
367477476;3713963927;3713963936;
367477476;3713963936;3713963939;
367477476;3713963939;26122722;
367477476;26122722;3713963946;
367477476;3713963946;3713963949;
415097761;2460915605;4161712070;
415097761;4161712070;4161712071;
415097761;4161712071;4161712072;
415097761;4161712072;4161712073;
415097761;4161712073;4161712074;
415097761;4161712074;4161712075;
415097761;4161712075;4161712076;
415097761;4161712076;4161712077;
429123178;4282469057;4282469053;
429123178;4282469053;4282469051;
429123179;4282469056;506111742;
429123179;506111742;4282469050;
429123180;4282469042;4517268344;
429123180;4517268344;4282469044;
429123181;4282469037;4282469025;
429123181;4282469025;4282469014;
429123181;4282469014;4282469011;
429123181;4282469011;4282469012;
429123181;4282469012;4282469015;
440117149;4378185408;4378185609;
440681022;2156098707;4384588844;
440681022;4384588844;4384588855;
440681022;4384588855;4384588854;
440681022;4384588854;4384588845;
440681022;4384588845;4384588856;
440681022;4384588856;4384588846;
440681022;4384588846;4384588847;
440681022;4384588847;4384588848;
440681022;4384588848;4384588858;
440681022;4384588858;4384588849;
446887316;4441072622;4441072623;
446887316;4441072623;4441072624;
446887316;4441072624;4441072625;
446887317;4441072626;4441072627;
446887317;4441072627;4441072628;
446887317;4441072628;4441072629;
446887317;4441072629;4441072630;
446887317;4441072630;4441072634;
446887317;4441072634;4441072631;
446887318;4441072624;4441072632;
446887318;4441072632;4441072633;
446887318;4441072633;4441072634;
446887318;4441072634;4441072635;
446887318;4441072635;4441072636;
448190641;4452244284;4523942718;
448190641;4523942718;4452244285;
448190642;4452244284;4452244280;
448190642;4452244280;4452244281;
448190642;4452244281;4452244282;
448190642;4452244282;4452244283;
448568790;411835386;4455723293;
448568790;4455723293;4455723294;
448568790;4455723294;4455723295;
448568791;4455723294;4455723301;
448568791;4455723301;4455723296;
448568792;4455723297;4455723296;
448568792;4455723296;4455723298;
448568792;4455723298;4455723299;
448568793;4455723298;4455723300;
448568794;4455723301;4455723302;
448858674;412246608;412246607;
448858674;412246607;412246606;
448858674;412246606;412246604;
448858674;412246604;412246603;
448858674;412246603;412246602;
450475039;1223751749;1223751769;
450475039;1223751769;1223751753;
450475039;1223751753;4474021928;
450475039;4474021928;1223751805;
450475039;1223751805;1223751624;
450475039;1223751624;4474021930;
450475039;4474021930;4474021931;
450475039;4474021931;4474021932;
450475040;1223751805;4474021933;
450475040;4474021933;4474021934;
450475040;4474021934;4474021935;
450475040;4474021935;4474021936;
450475040;4474021936;4474021937;
450475041;1223751696;4474021941;
450475041;4474021941;4474021942;
450475041;4474021942;4474021943;
450475041;4474021943;4474021944;
450475041;4474021944;4474021945;
450475041;4474021945;4474021946;
450475041;4474021946;1223751626;
450904360;432578853;2066740961;
450904360;2066740961;432578854;
450904366;4478069055;1838434492;
450904366;1838434492;432578849;
450904366;432578849;432578851;
450904366;432578851;4573598518;
450904366;4573598518;1223751674;
450904366;1223751674;1223751693;
450904366;1223751693;1223751805;
450904367;4478069059;4478069060;
455315129;4282469045;4517268308;
455315129;4517268308;4517268309;
455315129;4517268309;4517268356;
455315129;4517268356;4282469044;
455315130;4517268310;4517268311;
455315130;4517268311;4517268312;
455315138;4517268343;4517268349;
455315138;4517268349;4517268344;
455315139;4517268343;4517268345;
455315140;4517268345;4517268346;
455315141;4282469037;4523960193;
455315141;4523960193;4517268346;
455315145;4282469037;4517268359;
455315145;4517268359;4517268360;
455315145;4517268360;4573598493;
455315145;4573598493;4517268361;
455315145;4517268361;4517268362;
455315145;4517268362;4517268363;
455315145;4517268363;4517268364;
455315145;4517268364;4517268365;
455315145;4517268365;432578831;
455315147;4517268370;4517268371;
455315147;4517268371;4517268372;
455315147;4517268372;4452244285;
455315148;1548554599;4718388087;
455315148;4718388087;4517268373;
455315148;4517268373;4718388088;
455315148;4718388088;2084090869;
455315148;2084090869;2084090868;
455315148;2084090868;2084090873;
455315148;2084090873;4718388289;
455315148;4718388289;4718388290;
455315148;4718388290;2084090871;
455315148;2084090871;412246602;
456117157;4452244279;4523942704;
456117157;4523942704;4523942705;
456117157;4523942705;4523942706;
456117157;4523942706;4523942707;
456117157;4523942707;4523942708;
456117158;4452244284;4452244279;
456117158;4452244279;4523942709;
456117158;4523942709;4523942710;
456117158;4523942710;4523942711;
456117158;4523942711;4523942712;
456117158;4523942712;4523942713;
456117158;4523942713;4718388481;
456117161;4523942720;4523942721;
456117161;4523942721;4452244279;
456118771;4523960189;4534707505;
456118771;4534707505;4523960190;
456118771;4523960190;4523960191;
461133007;4441072621;4566736210;
461133007;4566736210;4566736211;
461133007;4566736211;4566736212;
461133007;4566736212;4566736213;
461133007;4566736213;4566736214;
461133007;4566736214;4566736215;
461133007;4566736215;4566736216;
461133008;4441072631;4566736217;
461133008;4566736217;4566736218;
461133008;4566736218;4566736219;
461133008;4566736219;4566736220;
461133008;4566736220;4566736216;
461133009;4441072624;4566736221;
461133009;4566736221;4566736222;
461133009;4566736222;4566736223;
461133009;4566736223;4566736224;
461133009;4566736224;4566736225;
461135460;4566797414;4566797415;
461135460;4566797415;4566797416;
461135460;4566797416;4566797417;
461135460;4566797417;4566797418;
461135460;4566797418;4566797419;
461135460;4566797419;4566797420;
461135460;4566797420;4566797421;
461135462;4566797441;4566797443;
461135462;4566797443;4566797444;
461135462;4566797444;4566797445;
461135462;4566797445;4566797446;
461135462;4566797446;4566797447;
461135462;4566797447;4566797448;
461135462;4566797448;4566797449;
461135462;4566797449;4566797450;
461135463;4566797441;4566797442;
461135464;4566797452;4566797453;
461925686;2185848579;430012027;
461925686;430012027;430012058;
461925686;430012058;430012057;
461925686;430012057;4282469042;
461925686;4282469042;432578830;
461925686;432578830;435240898;
461925686;435240898;4282469037;
461925686;4282469037;4282469015;
461925686;4282469015;432578831;
461925687;4282469049;2185848583;
461925687;2185848583;2185848586;
461925687;2185848586;2185848584;
461925687;2185848584;2185848565;
461925687;2185848565;2185848581;
461925687;2185848581;2185848561;
461925687;2185848561;2185848588;
461925687;2185848588;4517268358;
461925687;4517268358;2185848577;
461925687;2185848577;2185848563;
461925687;2185848563;2185848567;
461925687;2185848567;2185848568;
461925687;2185848568;2185848579;
461925688;4573598493;4573598494;
461925688;4573598494;4573598495;
461925688;4573598495;4573598496;
461925688;4573598496;4573598497;
461925688;4573598497;4573598498;
461925688;4573598498;4573598499;
461925688;4573598499;4573598500;
461925688;4573598500;4573598501;
461925688;4573598501;4573598502;
461925688;4573598502;4573598503;
461925688;4573598503;4573598504;
461925689;432578922;432578925;
461925689;432578925;432578930;
461925689;432578930;411835384;
461925689;411835384;411835385;
461925689;411835385;411835386;
461925689;411835386;411835387;
461925689;411835387;4566797451;
461925689;4566797451;4566797453;
461925689;4566797453;411835388;
461925689;411835388;2460915663;
461925689;2460915663;411835389;
461925689;411835389;4566797442;
461925689;4566797442;411835390;
461925689;411835390;411835391;
461925689;411835391;432578817;
461925689;432578817;411835393;
461925689;411835393;411504977;
461925690;435240927;4573598509;
461925690;4573598509;4573598510;
461925690;4573598510;4573598511;
461925690;4573598511;4573598512;
461925690;4573598512;4573598513;
461925690;4573598513;4573598514;
461925690;4573598514;4573598515;
461925690;4573598515;4573598516;
461925690;4573598516;4573598517;
461925690;4573598517;4573598518;
463835631;445439347;4590506319;
